0.990099
0.9876361909547738
0.9851733819095477
0.9827105728643216
0.9802477638190955
0.9777849547738694
0.9753221457286432
0.9728593366834171
0.970396527638191
0.9679337185929648
0.9654709095477387
0.9630081005025126
0.9605452914572864
0.9580824824120603
0.9556196733668342
0.9531568643216081
0.950694055276382
0.9482312462311557
0.9457684371859296
0.9433056281407035
0.9408428190954774
0.9383800100502513
0.9359172010050252
0.933454391959799
0.9309915829145728
0.9285287738693467
0.9260659648241206
0.9236031557788944
0.9211403467336683
0.9186775376884422
0.9162147286432161
0.91375191959799
0.9112891105527638
0.9088263015075377
0.9063634924623115
0.9039006834170854
0.9014378743718593
0.8989750653266332
0.896512256281407
0.8940494472361808
0.8915866381909547
0.8891238291457286
0.8866610201005025
0.8841982110552764
0.8817354020100503
0.8792725929648241
0.876809783919598
0.8743469748743719
0.8718841658291457
0.8694213567839196
0.8669585477386934
0.8644957386934673
0.8620329296482412
0.8595701206030151
0.857107311557789
0.8546445025125629
0.8521816934673367
0.8497188844221105
0.8472560753768844
0.8447932663316583
0.8423304572864322
0.839867648241206
0.8374048391959799
0.8349420301507537
0.8324792211055276
0.8300164120603015
0.8275536030150754
0.8250907939698493
0.8226279849246231
0.820165175879397
0.8177023668341709
0.8152395577889447
0.8127767487437185
0.8103139396984924
0.8078511306532663
0.8053883216080402
0.8029255125628141
0.800462703517588
0.7979998944723619
0.7955370854271356
0.7930742763819095
0.7906114673366834
0.7881486582914573
0.7856858492462311
0.783223040201005
0.7807602311557789
0.7782974221105528
0.7758346130653266
0.7733718040201005
0.7709089949748744
0.7684461859296482
0.7659833768844221
0.763520567839196
0.7610577587939699
0.7585949497487436
0.7561321407035175
0.7536693316582914
0.7512065226130653
0.7487437135678392
0.7462809045226131
0.743818095477387
0.7413552864321608
0.7388924773869346
0.7364296683417085
0.7339668592964824
0.7315040502512562
0.7290412412060301
0.726578432160804
0.7241156231155779
0.7216528140703518
0.7191900050251256
0.7167271959798995
0.7142643869346734
0.7118015778894472
0.7093387688442211
0.706875959798995
0.7044131507537688
0.7019503417085426
0.6994875326633165
0.6970247236180904
0.6945619145728643
0.6920991055276382
0.6896362964824121
0.687173487437186
0.6847106783919598
0.6822478693467336
0.6797850603015075
0.6773222512562813
0.6748594422110552
0.6723966331658291
0.669933824120603
0.6674710150753769
0.6650082060301508
0.6625453969849247
0.6600825879396985
0.6576197788944723
0.6551569698492462
0.6526941608040201
0.6502313517587939
0.6477685427135678
0.6453057336683417
0.6428429246231155
0.6403801155778894
0.6379173065326633
0.6354544974874372
0.6329916884422111
0.630528879396985
0.6280660703517588
0.6256032613065327
0.6231404522613064
0.6206776432160803
0.6182148341708542
0.6157520251256281
0.613289216080402
0.6108264070351759
0.6083635979899498
0.6059007889447237
0.6034379798994975
0.6009751708542713
0.5985123618090452
0.596049552763819
0.5935867437185929
0.5911239346733668
0.5886611256281407
0.5861983165829145
0.5837355075376884
0.5812726984924623
0.5788098894472362
0.5763470804020101
0.5738842713567839
0.5714214623115578
0.5689586532663317
0.5664958442211054
0.5640330351758793
0.5615702261306532
0.5591074170854271
0.556644608040201
0.5541817989949749
0.5517189899497488
0.5492561809045227
0.5467933718592964
0.5443305628140703
0.5418677537688442
0.539404944723618
0.5369421356783919
0.5344793266331658
0.5320165175879397
0.5295537085427136
0.5270908994974874
0.5246280904522613
0.5221652814070352
0.519702472361809
0.5172396633165829
0.5147768542713568
0.5123140452261306
0.5098512361809044
0.5073884271356783
0.5049256180904522
0.5024628090452261
0.5